100

6 494 689
5 5 5762
8 7 7851
6 3 3703
5 7 5143
2 10 5605
4 7 4299

10 42 628
4 6 2638
2 7 3740
4 10 3672
8 1 556
2 1 467
1 2 1095
1 5 2807
7 7 4088
9 7 4142
4 4 2312

8 659 796
9 7 9343
6 2 3937
7 3 6202
5 4 4464
6 4 6758
3 1 2386
1 4 3292
9 1 5329

6 118 528
6 5 3321
9 9 4070
3 9 4439
10 1 1614
6 8 3305
5 10 5481

5 642 353
1 8 3297
9 4 6388
8 7 3648
9 5 5432
5 6 4942

8 812 229
9 7 8817
5 4 1952
9 2 6412
3 9 3101
5 4 2325
3 4 2854
7 4 4935
9 7 8384

5 296 637
6 8 6282
2 8 5179
2 8 4403
9 8 6708
7 9 6459

8 599 46
1 2 147
4 7 2209
10 2 2723
5 10 852
5 1 2276
4 6 2627
10 5 5550
7 10 1148

6 274 681
3 4 3003
4 1 1110
4 6 4671
4 10 7490
3 3 2316
10 4 5233

7 644 840
1 9 6652
4 7 4353
1 5 3842
5 2 1997
8 6 8775
9 10 12684
10 10 13020

6 468 75
2 6 1159
8 5 2627
5 3 1395
10 5 4546
1 10 1116
6 6 2671

9 532 952
3 5 5946
8 6 8056
2 2 2526
10 5 8304
3 10 9426
5 3 5459
3 8 9087
5 1 2769
10 10 13407

7 899 318
8 10 8386
1 6 1270
8 9 8619
7 9 7773
3 3 3064
8 1 5532
10 10 7379

5 49 221
4 10 1876
1 1 168
4 4 874
4 8 301
3 8 978

6 117 52
1 3 264
2 6 373
4 5 617
8 9 1325
10 4 1295
10 3 1314

7 421 172
1 6 1251
1 3 539
7 4 1037
1 10 1669
4 1 1745
5 8 1140
10 9 1922

5 378 445
10 4 3996
8 8 3356
7 2 1645
2 6 1233
3 5 1183

10 830 367
2 7 1754
5 7 4011
1 6 2104
8 8 7384
3 3 3017
8 9 8216
2 10 5208
4 1 3381
1 6 1176
4 3 3244

7 219 175
8 1 1797
5 1 748
1 9 1658
2 8 1595
10 10 3011
1 10 1969
6 4 1264

9 1 355
7 10 2945
4 6 1599
9 9 1807
3 2 533
5 10 3069
3 8 2591
5 9 2383
5 5 1613
9 5 947

6 563 110
1 10 1622
8 6 3690
8 10 5037
7 10 4391
5 9 3542
10 6 3259

8 431 945
5 4 5553
8 10 7865
8 2 4517
3 10 8438
3 10 4027
8 1 4254
9 7 5507
8 4 6663

9 676 108
1 8 1267
5 10 2409
10 9 6719
2 6 1362
8 9 3507
5 10 3897
6 2 3311
9 5 5447
1 8 887

7 94 818
7 10 6848
1 10 5048
8 5 3690
6 8 6832
1 6 4119
5 3 1578
10 2 1505

7 258 304
7 6 3193
2 3 1198
10 9 4702
9 8 4291
7 2 2245
4 9 3217
9 6 3793

8 407 794
4 8 4392
9 1 3920
8 4 5334
8 6 4480
4 6 1619
6 9 9380
9 2 3611
4 8 6278

8 384 121
6 9 543
8 8 2215
10 4 833
4 6 717
8 6 3225
3 8 704
4 2 748
1 7 699

9 215 33
1 2 216
8 6 850
6 10 1097
10 7 1718
4 6 1054
3 6 491
8 1 1620
10 7 2339
2 2 464

10 719 580
10 6 6278
9 3 3838
5 5 3830
6 1 2158
1 5 2922
10 10 8588
2 2 2112
5 6 5526
6 10 6438
7 9 9183

6 858 203
3 1 2300
6 10 4625
1 2 1066
1 5 1517
3 9 4075
6 2 4885

5 77 616
7 4 2502
9 8 4888
10 3 1461
9 6 2226
3 2 690

7 272 390
3 7 3455
5 5 2915
1 8 3319
4 7 3627
3 5 2674
8 9 4948
8 8 4410

10 647 895
9 1 6685
6 2 5179
2 4 4759
5 2 4947
9 6 10998
10 10 14992
8 9 13221
3 8 8913
10 10 15024
3 8 8725

5 390 839
1 2 1217
10 3 5360
7 5 6067
8 3 5376
6 7 7581

7 271 10
8 8 1551
7 10 1561
10 9 1442
9 10 1162
9 3 2162
3 7 827
6 10 1283

8 385 169
9 5 4245
9 3 3709
2 8 1712
6 9 3378
5 2 2081
7 1 2861
2 8 1924
1 7 1404

7 170 785
3 10 2830
8 1 704
9 8 4845
2 1 781
4 8 4889
5 3 1529
6 2 929

9 146 624
10 4 2437
9 3 2928
8 1 1570
1 5 3208
10 1 1987
8 7 4774
5 4 3143
6 3 1687
3 5 2718

10 301 511
10 8 6095
7 3 2240
6 4 3364
6 8 4980
6 2 2200
2 7 3798
3 7 3959
2 9 4867
5 3 2930
3 8 4945

8 261 17
1 10 325
2 1 493
8 7 1248
3 1 391
3 5 444
8 1 1003
9 6 1684
5 3 530

5 452 65
9 1 3159
6 8 1844
10 8 3196
7 10 3674
7 2 1975

7 164 663
4 3 1620
3 7 4946
7 8 3811
4 10 6793
9 5 4767
10 6 4271
4 6 4301

8 65 994
1 9 7802
6 7 4619
9 9 8461
4 4 2883
3 6 5117
6 2 1863
10 1 1372
6 8 6556

10 283 868
1 10 5375
3 7 4862
10 8 7860
9 10 5953
4 1 403
10 3 3238
7 2 762
5 3 2804
8 1 2247
4 6 3404

5 256 489
3 2 1502
5 3 2591
8 9 5736
1 3 1355
1 5 2272

5 208 646
6 8 5561
10 9 6212
7 9 4567
2 8 4874
8 7 5085

5 72 704
1 10 4990
4 7 4927
8 8 4726
8 10 4221
2 5 2252

5 89 920
9 5 5133
10 9 9072
5 4 3993
6 7 6792
4 1 1204

9 973 34
4 9 4097
10 10 9641
3 7 2831
9 9 8890
4 10 4152
3 3 2996
10 7 9315
10 5 9215
1 7 1059

8 976 194
8 9 9119
4 2 1409
7 3 5914
2 6 1544
3 10 1243
2 6 2501
8 3 1552
4 10 5232

6 445 106
6 6 1276
7 9 1525
8 1 3644
6 5 883
5 4 1988
4 10 2254

10 586 640
8 4 6503
9 2 5945
5 10 7436
5 5 3921
10 4 7470
4 2 2091
5 5 4155
9 2 5407
6 2 2867
10 8 10550

8 709 722
3 6 5665
4 1 2241
4 5 6285
8 7 9189
5 1 3537
9 2 5333
6 1 4485
7 2 4563

5 852 247
4 3 2486
6 9 6005
2 5 2051
8 5 6203
4 7 2315

8 569 680
2 2 2361
6 5 6471
5 6 6604
6 1 4039
9 7 5797
7 5 5712
2 7 2924
7 5 5287

8 212 340
3 6 2531
8 4 2570
7 7 2415
6 3 928
9 6 3170
1 2 312
8 3 595
10 9 4378

6 365 64
2 1 293
5 7 1926
6 1 2059
2 9 1215
9 10 2711
6 5 1797

10 973 381
2 6 3904
8 7 7100
9 8 11563
8 3 2974
9 1 8157
10 7 9722
7 9 3923
4 4 2337
3 3 3028
1 4 2147

9 852 773
1 1 614
1 9 3053
5 3 3647
5 2 5539
5 9 5035
1 8 4201
4 5 6588
4 10 10875
5 7 3333

10 160 464
10 5 1141
6 3 1547
9 2 1266
2 4 2158
4 4 1455
5 6 3076
10 3 2893
7 5 2105
3 10 4904
4 7 3792

5 585 539
2 9 4011
7 9 7831
6 9 6312
3 8 5594
8 10 9639

5 407 987
4 9 10005
9 6 8007
1 6 5781
6 9 9528
6 2 4335

6 203 47
10 5 1261
6 9 1627
8 6 896
5 6 1045
7 1 1432
10 3 1206

9 283 303
10 3 1834
5 6 2859
3 10 2990
1 1 363
3 8 2420
9 6 2147
8 9 4013
10 7 4448
4 8 1976

7 496 454
9 8 7139
5 2 1484
1 10 4940
4 6 1302
5 1 2469
9 8 2017
8 10 6093

6 387 526
1 2 1244
6 2 2510
7 10 3623
4 10 4047
9 3 2762
4 1 1908

5 867 754
10 7 10404
10 2 7061
2 4 2624
2 1 2005
9 9 7468

6 658 496
4 5 3559
3 9 4378
7 5 6029
5 4 4595
4 1 2763
8 2 4378

10 974 263
4 1 1208
8 7 3225
4 10 5881
5 9 2543
5 2 2973
4 10 4535
7 3 5519
3 5 1839
5 10 5006
6 8 3478

6 194 627
4 5 3301
1 1 669
4 7 3447
6 6 3118
2 10 6208
8 5 2695

8 307 875
4 5 2110
5 3 2345
2 1 965
4 8 8019
8 6 7338
4 9 4381
4 8 1961
2 4 1718

6 729 642
7 3 2316
9 9 9933
6 1 1735
10 1 2802
4 10 6171
3 10 7357

5 229 687
2 9 5286
3 6 3208
4 8 5476
7 6 4590
9 8 5699

7 696 398
8 5 7121
7 5 6710
9 10 7901
3 10 3795
10 1 3284
5 5 2051
6 3 2340

9 532 487
7 5 4895
1 6 3250
10 3 6318
7 8 6574
5 10 6899
1 1 824
3 9 4693
10 2 5474
9 5 5879

6 382 305
6 9 4098
3 9 3811
5 9 3778
8 6 4378
9 10 6106
2 7 2348

8 251 781
6 4 3776
4 3 1712
3 7 5894
5 8 6628
10 4 3802
1 6 4164
8 3 2916
4 6 4234

5 513 401
3 4 1960
1 9 3878
3 3 1652
1 5 1712
2 9 3068

7 975 794
6 7 5773
8 9 9116
8 2 5818
7 1 6586
7 2 7871
8 9 11218
9 6 13179

9 488 124
2 7 1797
8 7 1682
7 10 3212
2 10 2006
1 4 838
9 1 2537
1 4 759
7 6 3981
10 5 3931

6 686 875
3 2 2746
10 2 8222
7 2 6348
6 4 6522
4 4 5576
7 1 5247

9 268 822
1 5 4029
2 10 8018
2 9 6659
2 6 3785
5 4 3529
5 7 5346
9 2 3462
6 5 4164
10 5 4855

9 215 423
9 4 3398
10 2 2942
2 3 1578
5 9 4494
8 10 5655
1 7 3086
8 1 1734
8 9 5192
2 3 1532

9 95 787
7 7 2520
3 1 824
4 2 857
10 2 2005
1 2 609
10 6 2664
8 4 3340
7 4 2484
2 6 4154

10 893 583
2 10 7114
7 1 6800
2 3 2592
2 2 2938
5 1 5005
2 9 5858
4 5 4395
10 8 13096
6 7 9051
8 4 6256

10 502 408
8 7 5590
5 8 3786
1 9 3820
2 3 1223
5 4 3798
9 6 5844
9 8 6996
6 7 3384
7 2 3539
4 4 3231

10 287 445
1 9 3952
8 10 3593
3 2 1647
10 4 2898
7 6 4331
10 7 3502
2 8 2751
3 4 1534
7 7 3615
2 8 3056

7 531 231
3 2 928
4 3 2617
5 2 2407
6 4 1776
4 7 2527
5 6 3507
8 2 3842

8 723 968
5 3 5201
2 1 2295
2 7 6391
7 7 10861
9 5 9374
5 8 10649
6 3 7142
1 9 6830

9 38 62
6 3 408
1 7 472
5 9 641
10 6 669
8 1 291
10 7 746
5 1 88
1 5 326
2 2 134

9 11 165
7 2 296
2 10 1599
9 4 576
10 9 1085
10 2 211
7 6 751
5 7 1020
10 10 1605
5 4 546

7 866 745
5 4 5149
1 7 2513
1 10 6646
5 3 4242
9 1 6707
6 5 4284
10 6 7719

10 404 536
10 1 4377
10 9 8284
3 10 6288
2 10 5931
2 6 3696
5 10 7153
1 5 3040
1 3 1886
10 5 5457
4 3 2958

5 951 60
6 4 5825
9 7 8588
5 10 4835
8 8 7667
2 4 2042

8 502 462
1 2 1397
4 4 3760
4 5 3356
5 3 2960
5 8 5473
4 8 5102
3 9 5413
4 1 1709

6 220 198
9 9 2806
5 6 1109
1 6 311
2 7 1104
6 1 827
7 3 1370

5 725 550
1 7 3749
3 1 1928
3 2 2302
6 10 6885
8 10 4800

9 844 38
4 2 2976
7 4 5032
10 6 8056
8 2 5833
7 9 5467
7 1 5038
8 8 6417
5 1 4193
1 2 895

6 897 514
7 4 7283
1 10 4308
9 1 7222
10 10 12272
7 4 7990
2 9 4171

7 250 938
6 5 4457
5 9 8313
10 9 8068
9 5 5877
3 2 2328
1 7 6695
4 5 5037
